3.025329497177153826e-04
2.859886735677719116e-04
3.831997164525091648e-04
2.704837825149297714e-04
3.597304457798600197e-04
2.382987295277416706e-04
3.079793823417276144e-04
3.422818845137953758e-04
3.675226180348545313e-04
3.289262240286916494e-04
2.770107239484786987e-04
2.024948043981567025e-04
3.542350023053586483e-04
4.998222575522959232e-04
3.325557336211204529e-04
4.140778037253767252e-04
3.106211952399462461e-04
3.867264895234256983e-04
4.016150487586855888e-04
1.735467812977731228e-04
2.103246049955487251e-03
6.390954852104187012e-01
1.864562218543142080e-04
2.591103257145732641e-04
2.497591776773333549e-04
2.937234821729362011e-04
2.936336095444858074e-04
2.472844789735972881e-04
3.145243099424988031e-04
1.700851949863135815e-03
3.369311452843248844e-04
2.620668383315205574e-04
2.870956668630242348e-04
2.703343052417039871e-04
2.780710055958479643e-04
3.550607943907380104e-04
3.941666218452155590e-04
2.704528451431542635e-04
2.379245852353051305e-04
4.517860070336610079e-04
2.812247548718005419e-04
3.016358241438865662e-04
2.735207963269203901e-04
3.381976566743105650e-04
3.743192937690764666e-04
3.039747534785419703e-04
1.978431940078735352e-01
2.969491470139473677e-04
3.154167497996240854e-04
2.744287485256791115e-04
2.631645475048571825e-04
1.856390200555324554e-02
3.276258357800543308e-04
2.850487362593412399e-04
2.821744419634342194e-04
2.746033424045890570e-04
2.881258551497012377e-04
2.920664846897125244e-04
2.919278049375861883e-04
3.039118892047554255e-04
2.785085234791040421e-04
2.538885455578565598e-04
3.304755373392254114e-04
2.266838710056617856e-04
1.843555073719471693e-04
2.965884050354361534e-04
2.915676159318536520e-04
3.017410926986485720e-04
2.921035047620534897e-04
2.997335104737430811e-04
2.899495593737810850e-04
2.874766651075333357e-04
2.988822525367140770e-04
2.675782016012817621e-04
2.853162877727299929e-04
